3 0.772791 0.279920 0.772791 0.324364 0.759249 0.324364 0.759249 0.279920
3 0.765499 0.124364 0.765499 0.168809 0.751958 0.168809 0.751958 0.124364
3 0.780083 0.383623 0.780083 0.428068 0.766541 0.428068 0.766541 0.383623
3 0.780098 0.608973 0.784440 0.565204 0.797776 0.569385 0.793434 0.613154
3 0.766036 0.687677 0.770377 0.643908 0.783713 0.648088 0.779372 0.691857
3 0.792598 0.738603 0.796940 0.694834 0.810276 0.699014 0.805934 0.742783
3 0.785828 0.820084 0.790169 0.776315 0.803505 0.780496 0.799164 0.824265
3 0.799369 0.955270 0.803710 0.911500 0.817046 0.915681 0.812705 0.959450
3 0.806140 0.874714 0.810481 0.830945 0.823817 0.835125 0.819476 0.878895
3 0.847286 0.959899 0.851627 0.916130 0.864963 0.920310 0.860622 0.964080
3 0.423613 0.732474 0.447051 0.732474 0.447051 0.754697 0.423613 0.754697
3 0.032988 0.513030 0.057467 0.513030 0.057467 0.528771 0.032988 0.528771
5 0.921530 0.717660 0.990801 0.717660 0.990801 0.757474 0.921530 0.757474
7 0.921530 0.920437 0.921530 0.972289 0.901738 0.972289 0.901738 0.920437
3 0.652259 0.669511 0.675176 0.669511 0.675176 0.684326 0.652259 0.684326
